0,
0,
0,
0,
0,
0,
0,
0,
0,
1,
4,
11,
20,
30,
41,
53,
67,
81,
90,
89,
79,
63,
46,
30,
22,
27,
44,
67,
93,
120,
143,
160,
167,
176,
172,
170,
171,
171,
173,
183,
196,
205,
214,
225,
234,
240,
243,
250,
259,
268,
279,
289,
305,
321,
336,
352,
367,
385,
402,
417,
433,
449,
464,
477,
496,
510,
526,
548,
566,
583,
600,
614,
627,
634,
644,
654,
666,
682,
698,
718,
737,
759,
778,
799,
817,
836,
856,
874,
892,
907,
925,
944,
960,
979,
998,
1015,
1034,
1052,
1069,
1087,
1107,
1124,
1141,
1161,
1181,
1199,
1217,
1237,
1258,
1275,
1293,
1310,
1329,
1348,
1368,
1387,
1408,
1426,
1444,
1463,
1481,
1498,
1517,
1538,
1558,
1575,
1593,
1611,
1629,
1648,
1667,
1687,
1706,
1724,
1742,
1760,
1781,
1802,
1821,
1837,
1856,
1876,
1894,
1909,
1927,
1947,
1963,
1978,
1998,
2017,
2036,
2060,
2080,
2101,
2124,
2141,
2165,
2181,
2203,
2220,
2240,
2254,
2274,
2289,
2309,
2324,
2346,
2363,
2386,
2405,
2424,
2449,
2466,
2485,
2504,
2519,
2535,
2555,
2570,
2586,
2609,
2631,
2649,
2669,
2695,
2720,
2740,
2757,
2773,
2788,
2807,
2824,
2841,
2860,
2881,
2903,
2923,
2944,
2964,
2983,
3000,
3014,
3031,
3048,
3063,
3081,
3100,
3121,
3141,
3165,
3187,
3205,
3225,
3244,
3263,
3280,
3294,
3311,
3332,
3355,
3377,
3395,
3415,
3436,
3450,
3464,
3483,
3504,
3524,
3550,
3573,
3597,
3619,
3634,
3651,
3664,
3684,
3699,
3718,
3742,
3773,
3790,
3808,
3817,
3829,
3842,
3861,
3880,
3905,
3929,
3954,
3978,
3998,
4012,
4029,
4045,
4061,
4078,
4100,
4119,
4135,
4152,
4166,
4184,
4201,
4226,
4253,
4275,
4298,
4316,
4330,
4342,
4362,
4377,
4399,
4420,
4440,
4459,
4476,
4493,
4513,
4537,
4560,
4583,
4606,
4625,
4641,
4654,
4671,
4688,
4703,
4725,
4740,
4758,
4773,
4789,
4812,
4836,
4861,
4887,
4907,
4928,
4944,
4962,
4979,
4995,
5012,
5024,
5036,
5051,
5075,
5107,
5140,
5170,
5191,
5202,
5206,
5214,
5228,
5248,
5269,
5297,
5320,
5339,
5358,
5378,
5401,
5421,
5438,
5451,
5465,
5484,
5502,
5517,
5533,
5545,
5563,
5588,
5610,
5629,
5647,
5660,
5674,
5692,
5711,
5730,
5745,
5759,
5773,
5793,
5812,
5830,
5848,
5862,
5879,
5899,
5921,
5936,
5947,
5955,
5970,
5985,
6007,
6026,
6048,
6068,
6091,
6113,
6128,
6136,
6144,
6156,
6173,
6194,
6213,
6232,
6244,
6254,
6271,
6287,
6303,
6316,
6329,
6346,
6364,
6386,
6404,
6413,
6422,
6425,
6438,
6454,
6470,
6486,
6503,
6525,
6547,
6567,
6584,
6598,
6615,
6632,
6649,
6663,
6676,
6690,
6702,
6710,
6719,
6732,
6747,
6764,
6776,
6791,
6801,
6817,
6838,
6861,
6879,
6893,
6905,
6919,
6931,
6938,
6942,
6949,
6965,
6981,
6998,
7016,
7033,
7054,
7071,
7081,
7088,
7098,
7113,
7133,
7156,
7171,
7178,
7186,
7197,
7207,
7219,
7232,
7246,
7265,
7283,
7300,
7316,
7330,
7341,
7347,
7354,
7364,
7379,
7395,
7410,
7424,
7436,
7451,
7460,
7468,
7480,
7496,
7511,
7525,
7535,
7549,
7567,
7577,
7584,
7590,
7605,
7628,
7652,
7677,
7699,
7716,
7719,
7713,
7713,
7721,
7734,
7744,
7754,
7769,
7788,
7807,
7819,
7826,
7838,
7857,
7875,
7890,
7903,
7914,
7920,
7919,
7923,
7933,
7947,
7964,
7982,
7998,
8014,
8025,
8030,
8040,
8055,
8071,
8087,
8101,
8112,
8121,
8124,
8126,
8130,
8141,
8159,
8176,
8196,
8216,
8237,
8252,
8261,
8266,
8268,
8271,
8285,
8299,
8316,
8324,
8328,
8336,
8347,
8363,
8379,
8398,
8416,
8431,
8439,
8438,
8444,
8454,
8470,
8485,
8494,
8503,
8510,
8518,
8531,
8549,
8564,
8575,
8584,
8594,
8600,
8607,
8616,
8628,
8644,
8660,
8677,
8693,
8704,
8704,
8708,
8719,
8730,
8742,
8752,
8763,
8775,
8783,
8790,
8801,
8818,
8833,
8848,
8861,
8871,
8876,
8884,
8894,
8906,
8917,
8928,
8936,
8939,
8943,
8953,
8969,
8986,
8999,
8992,
8968,
8936,
8907,
8898,
8917,
8953,
8998,
9048,
9084,
9104,
9111,
9109,
9106,
9099,
9092,
9091,
9090,
9096,
9102,
9114,
9133,
9150,
9163,
9172,
9175,
9172,
9171,
9172,
9174,
9177,
9184,
9191,
9194,
9198,
9200,
9206,
9210,
9214,
9222,
9226,
9229,
9229,
9235,
9243,
9253,
9259,
9261,
9261,
9264,
9268,
9273,
9277,
9283,
9288,
9288,
9289,
9290,
9291,
9293,
9297,
9301,
9308,
9312,
9314,
9316,
9320,
9326,
9329,
9333,
9332,
9330,
9328,
9328,
9333,
9339,
9343,
9348,
9352,
9354,
9356,
9359,
9363,
9368,
9373,
9375,
9373,
9371,
9369,
9371,
9374,
9378,
9380,
9380,
9379,
9381,
9385,
9388,
9390,
9394,
9397,
9400,
9403,
9403,
9404,
9406,
9411,
9415,
9414,
9407,
9406,
9410,
9410,
9414,
9422,
9429,
9432,
9434,
9438,
9439,
9442,
9442,
9437,
9431,
9426,
9423,
9424,
9427,
9432,
9438,
9439,
9435,
9431,
9429,
9431,
9436,
9444,
9447,
9449,
9452,
9455,
9461,
9468,
9473,
9477,
9477,
9473,
9466,
9463,
9458,
9455,
9459,
9465,
9468,
9473,
9478,
9482,
9485,
9486,
9484,
9482,
9478,
9470,
9466,
9468,
9472,
9477,
9482,
9485,
9486,
9490,
9491,
9491,
9493,
9490,
9484,
9479,
9478,
9481,
9484,
9489,
9494,
9503,
9507,
9508,
9505,
9505,
9503,
9501,
9497,
9488,
9482,
9482,
9488,
9495,
9502,
9507,
9513,
9519,
9519,
9519,
9519,
9516,
9516
